9.543561768328294725e-01 4.558004499113126051e-02 6.377618159675874239e-05 1.994441178592954068e-09 1.330145026604543513e-15 0.000000000000000000e+00 0.000000000000000000e+00 0.000000000000000000e+00 0.000000000000000000e+00 0.000000000000000000e+00
2.066846689686267248e-04 5.793245884514952593e-02 5.936650689612793519e-01 3.388337770860388454e-01 9.353912601845339875e-03 8.097659126016530434e-06 1.775921667231480463e-10 1.110223046666108466e-16 0.000000000000000000e+00 0.000000000000000000e+00
3.269122391977489817e-16 3.735694288912113599e-10 1.154514242586995351e-05 1.044318303330619806e-02 3.390942332269446524e-01 5.882478520924731002e-01 6.193271240309883297e-02 2.704370382252685445e-04 3.668981840565521679e-08 1.378896996584444423e-13
6.372675324533963241e-32 4.938890409496852549e-23 1.127813717424684689e-15 7.723742424392268537e-10 1.641864997511081344e-05 1.170811777941681286e-02 3.405283492668123579e-01 5.819119421679427306e-01 6.549126393319369688e-02 3.439074302839209736e-04
1.340353673580948401e-47 1.147895519923998857e-36 3.253704768806146913e-27 3.075733043786430689e-19 9.818510584109886562e-13 1.082608548940477018e-07 4.318046742453101250e-04 6.948368565657872531e-02 5.824502350638560699e-01 3.476341663434832085e-01
3.379887904054259783e-60 6.086654637129291009e-48 4.081489102573576939e-37 1.023773910148131090e-27 9.672561609985644683e-20 3.480937090488516356e-13 4.866867343403827941e-08 2.749197959735437923e-04 6.858392992064855920e-02 9.311411016143563701e-01
9.097884511982504007e-68 7.691268529689645250e-55 2.714542969806573232e-43 4.013343189908944335e-33 2.497849302431794986e-24 6.594128957708090281e-17 7.475903487271680860e-11 3.721831818503705188e-06 8.511749802983952645e-03 9.914845282904384272e-01
3.576411271904713244e-70 3.675325846436690773e-57 1.759892060955799719e-45 3.938180749248442424e-35 4.135724155418193208e-26 2.051121730563769208e-18 4.852582321431350621e-12 5.571954340130410187e-07 3.209869572205387850e-03 9.967895732275079412e-01
7.940143639228991346e-68 2.940160241905681488e-55 5.635692021257535036e-44 5.608316155076516222e-34 2.909708513849088420e-25 7.920048797448436467e-18 1.142372742301866652e-11 8.882943032069952784e-07 3.847888172396880888e-03 9.961512235218761280e-01
3.275700141436904771e-61 1.464640732141803397e-49 3.750062183053866465e-39 5.516801005940270120e-30 4.685988860643314966e-22 2.315414791668160586e-15 6.737203272967480615e-10 1.179833688689887173e-05 1.298562620648397239e-02 9.870025747829065388e-01
