[[9.75889956e-001 2.41047742e-002 5.27008206e-006 6.96113560e-012
  0.00000000e+000 0.00000000e+000 0.00000000e+000 0.00000000e+000
  0.00000000e+000 0.00000000e+000 0.00000000e+000 0.00000000e+000
  0.00000000e+000 0.00000000e+000 0.00000000e+000 0.00000000e+000
  0.00000000e+000 0.00000000e+000 0.00000000e+000 0.00000000e+000]
 [3.48462737e-001 6.24355105e-001 2.71706461e-002 1.15115783e-005
  3.02880024e-011 0.00000000e+000 0.00000000e+000 0.00000000e+000
  0.00000000e+000 0.00000000e+000 0.00000000e+000 0.00000000e+000
  0.00000000e+000 0.00000000e+000 0.00000000e+000 0.00000000e+000
  0.00000000e+000 0.00000000e+000 0.00000000e+000 0.00000000e+000]
 [1.50464623e-003 2.53736967e-001 6.95348552e-001 4.93722483e-002
  3.75860667e-005 1.82881278e-010 0.00000000e+000 0.00000000e+000
  0.00000000e+000 0.00000000e+000 0.00000000e+000 0.00000000e+000
  0.00000000e+000 0.00000000e+000 0.00000000e+000 0.00000000e+000
  0.00000000e+000 0.00000000e+000 0.00000000e+000 0.00000000e+000]
 [1.71452133e-008 6.65278221e-004 1.83232396e-001 7.36548274e-001
  7.94531397e-002 1.00893748e-004 8.43176307e-010 0.00000000e+000
  0.00000000e+000 0.00000000e+000 0.00000000e+000 0.00000000e+000
  0.00000000e+000 0.00000000e+000 0.00000000e+000 0.00000000e+000
  0.00000000e+000 0.00000000e+000 0.00000000e+000 0.00000000e+000]
 [4.60833681e-016 5.07581435e-009 3.13690933e-004 1.33013689e-001
  7.51192510e-001 1.15253150e-001 2.26951701e-004 3.02688274e-009
  2.22044605e-016 0.00000000e+000 0.00000000e+000 0.00000000e+000
  0.00000000e+000 0.00000000e+000 0.00000000e+000 0.00000000e+000
  0.00000000e+000 0.00000000e+000 0.00000000e+000 0.00000000e+000]
 [3.36967872e-026 1.06333408e-016 1.75227444e-009 1.60742642e-004
  9.85989502e-002 7.47384884e-001 1.53419199e-001 4.36213163e-004
  8.63114880e-009 9.99200722e-016 0.00000000e+000 0.00000000e+000
  0.00000000e+000 0.00000000e+000 0.00000000e+000 0.00000000e+000
  0.00000000e+000 0.00000000e+000 0.00000000e+000 0.00000000e+000]
 [8.19602515e-039 7.11354875e-027 3.12977089e-017 7.17324961e-010
  9.09700165e-005 7.56714266e-002 7.33320567e-001 1.90188777e-001
  7.28239143e-004 1.98817848e-008 3.10862447e-015 0.00000000e+000
  0.00000000e+000 0.00000000e+000 0.00000000e+000 0.00000000e+000
  0.00000000e+000 0.00000000e+000 0.00000000e+000 0.00000000e+000]
 [8.25021492e-054 1.85869504e-039 2.09117886e-027 1.19156217e-017
  3.53036555e-010 5.76205788e-005 6.08324354e-002 7.15883970e-001
  2.22155794e-001 1.07014250e-003 3.75086124e-008 7.54951657e-015
  0.00000000e+000 0.00000000e+000 0.00000000e+000 0.00000000e+000
  0.00000000e+000 0.00000000e+000 0.00000000e+000 0.00000000e+000]
 [4.29968319e-071 2.35574674e-054 6.39056413e-040 8.65427998e-028
  5.93179718e-018 2.11137806e-010 4.12745894e-005 5.17013851e-002
  7.00163912e-001 2.46694837e-001 1.39853211e-003 5.85779880e-008
  1.40998324e-014 0.00000000e+000 0.00000000e+000 0.00000000e+000
  0.00000000e+000 0.00000000e+000 0.00000000e+000 0.00000000e+000]
 [1.45296335e-090 1.80724219e-071 1.10705648e-054 3.35724518e-040
  5.08140064e-028 3.89119461e-018 1.54625810e-010 3.36859547e-005
  4.67677069e-002 6.89504063e-001 2.62057107e-001 1.63736097e-003
  7.63087692e-008 2.04281037e-014 0.00000000e+000 0.00000000e+000
  0.00000000e+000 0.00000000e+000 0.00000000e+000 0.00000000e+000]
 [3.98381781e-112 1.04806460e-090 1.35305867e-071 8.60248708e-055
  2.70752126e-040 4.25280720e-028 3.37928090e-018 1.39304542e-010
  3.14645260e-005 4.52095901e-002 6.85755009e-001 2.67278978e-001
  1.72487526e-003 8.32979296e-008 2.32036612e-014 0.00000000e+000
  0.00000000e+000 0.00000000e+000 0.00000000e+000 0.00000000e+000]
 [1.10708796e-135 5.73247204e-112 1.45296335e-090 1.80724219e-071
  1.10705648e-054 3.35724518e-040 5.08140064e-028 3.89119461e-018
  1.54625810e-010 3.36859547e-005 4.67677069e-002 6.89504063e-001
  2.62057107e-001 1.63736097e-003 7.63087692e-008 2.04281037e-014
  0.00000000e+000 0.00000000e+000 0.00000000e+000 0.00000000e+000]
 [3.88619869e-161 3.68278728e-135 1.70525574e-111 3.86522643e-090
  4.29968319e-071 2.35574674e-054 6.39056413e-040 8.65427998e-028
  5.93179718e-018 2.11137806e-010 4.12745894e-005 5.17013851e-002
  7.00163912e-001 2.46694837e-001 1.39853211e-003 5.85779880e-008
  1.40998324e-014 0.00000000e+000 0.00000000e+000 0.00000000e+000]
 [2.14207436e-188 3.45290238e-160 2.71581719e-134 1.04376483e-110
  1.96385911e-089 1.81359252e-070 8.25021492e-054 1.85869504e-039
  2.09117886e-027 1.19156217e-017 3.53036555e-010 5.76205788e-005
  6.08324354e-002 7.15883970e-001 2.22155794e-001 1.07014250e-003
  3.75086124e-008 7.54951657e-015 0.00000000e+000 0.00000000e+000]
 [2.29839139e-217 5.85505216e-187 7.27018598e-159 4.40507654e-133
  1.30431413e-109 1.89087705e-088 1.34564622e-069 4.71832569e-053
  8.19602515e-039 7.11354875e-027 3.12977089e-017 7.17324961e-010
  9.09700165e-005 7.56714266e-002 7.33320567e-001 1.90188777e-001
  7.28239143e-004 1.98817848e-008 3.10862447e-015 0.00000000e+000]
 [5.93422628e-248 2.21912674e-215 4.04154051e-185 3.58795474e-157
  1.55444373e-131 3.29131495e-108 3.41253784e-087 1.73722852e-068
  4.35861361e-052 5.41980954e-038 3.36967872e-026 1.06333408e-016
  1.75227444e-009 1.60742642e-004 9.85989502e-002 7.47384884e-001
  1.53419199e-001 4.36213163e-004 8.63114880e-009 9.99200722e-016]
 [4.54412893e-280 2.31663528e-245 5.74806684e-213 6.94639816e-183
  4.09229142e-155 1.17664329e-129 1.65366035e-106 1.13825063e-085
  3.84775388e-067 6.41272386e-051 5.29976337e-037 2.19190195e-025
  4.60833681e-016 5.07581435e-009 3.13690933e-004 1.33013689e-001
  7.51192510e-001 1.15253150e-001 2.26951701e-004 3.02688274e-009]
 [0.00000000e+000 8.18462751e-277 2.56942976e-242 3.92606816e-210
  2.92203235e-180 1.06028352e-152 1.87794457e-127 1.62605615e-104
  6.89717468e-084 1.43718989e-065 1.47710380e-049 7.53311194e-036
  1.92468882e-024 2.50469823e-015 1.71452133e-008 6.65278221e-004
  1.83232396e-001 7.36548275e-001 7.94531397e-002 1.00893748e-004]
 [0.00000000e+000 1.19884888e-309 4.42175127e-273 7.93360149e-239
  6.92883915e-207 2.94777863e-177 6.11487030e-150 6.19249130e-125
  3.06631811e-102 7.43981971e-082 8.87093683e-064 5.21982769e-048
  1.52530565e-034 2.23591137e-023 1.67342905e-014 6.62135293e-008
  1.50470269e-003 2.53746488e-001 6.95374642e-001 4.93741008e-002]
 [0.00000000e+000 0.00000000e+000 3.67668273e-305 7.19289602e-269
  6.84584018e-235 3.17175371e-203 7.15913959e-174 7.88018340e-147
  4.23516151e-122 1.11319911e-099 1.43416430e-079 9.08383554e-062
  2.84110238e-046 4.41706258e-033 3.45040102e-022 1.38018952e-013
  2.93716427e-007 3.65078713e-003 3.56891554e-001 6.39457365e-001]]
